%YAML:1.0
x: 163
y: 74
width: 655
height: 447
