<?xml version="1.0"?>
<opencv_storage>
<Distortion type_id="opencv-matrix">
  <rows>5</rows>
  <cols>1</cols>
  <dt>f</dt>
  <data>
    -1.02625504e-01 1.61553994e-01 -7.51636876e-03 2.94180983e-03
    -4.13680524e-02</data></Distortion>
</opencv_storage>
