%YAML:1.0
transmtx: !!opencv-matrix
   rows: 3
   cols: 3
   dt: d
   data: [ 1.2147086500311128e+00, 1.3815866054309306e-01,
       -8.2840161086006077e+01, 6.1065117711520817e-03,
       1.2209348710590830e+00, -1.4790238355263000e+01,
       1.0948557498751958e-04, 2.1217190801723615e-04, 1. ]
